0     0.034262
1     0.006273
2     0.051459
3     0.192654
4     0.147322
        ...   
79    0.000009
80    0.000375
81    0.001451
82    0.016849
83    0.000040
Length: 84, dtype: float64	0     0
1     1
2     0
3     0
4     0
     ..
79    1
80    0
81    1
82    1
83    0
Name: Result, Length: 84, dtype: int64
0     0.298960
1     0.137670
2     0.823160
3     0.592740
4     0.506340
        ...   
79   -0.593890
80    0.632650
81   -0.046659
82   -0.161870
83   -0.006336
Length: 84, dtype: float64	0     0
1     1
2     0
3     0
4     0
     ..
79    1
80    0
81    1
82    1
83    0
Name: Result, Length: 84, dtype: int64
0     0.089377
1     0.018953
2     0.677592
3     0.351341
4     0.256380
        ...   
79    0.352705
80    0.400246
81    0.002177
82    0.026202
83    0.000040
Length: 84, dtype: float64	0     0
1     1
2     0
3     0
4     0
     ..
79    1
80    0
81    1
82    1
83    0
Name: Result, Length: 84, dtype: int64
0     0.619150
1     0.575290
2     0.275580
3    -0.740500
4     0.758040
        ...   
79    0.005117
80   -0.030612
81    0.816520
82    0.801900
83    0.999270
Length: 84, dtype: float64	0     0
1     1
2     0
3     0
4     0
     ..
79    1
80    0
81    1
82    1
83    0
Name: Result, Length: 84, dtype: int64
0     0.185101
1     0.079200
2     0.226846
3    -0.438924
4     0.383826
        ...   
79   -0.003039
80   -0.019367
81   -0.038098
82   -0.129804
83   -0.006332
Length: 84, dtype: float64	0     0
1     1
2     0
3     0
4     0
     ..
79    1
80    0
81    1
82    1
83    0
Name: Result, Length: 84, dtype: int64
0     0.055338
1     0.010903
2     0.186731
3    -0.260168
4     0.194346
        ...   
79    0.001805
80   -0.012252
81    0.001778
82    0.021011
83    0.000040
Length: 84, dtype: float64	0     0
1     1
2     0
3     0
4     0
     ..
79    1
80    0
81    1
82    1
83    0
Name: Result, Length: 84, dtype: int64
0     0.383347
1     0.330959
2     0.075944
3     0.548340
4     0.574625
        ...   
79    0.000026
80    0.000937
81    0.666705
82    0.643044
83    0.998541
Length: 84, dtype: float64	0     0
1     1
2     0
3     0
4     0
     ..
79    1
80    0
81    1
82    1
83    0
Name: Result, Length: 84, dtype: int64
0     0.114605
1     0.045563
2     0.062514
3     0.325023
4     0.290955
        ...   
79   -0.000016
80    0.000593
81   -0.031108
82   -0.104089
83   -0.006327
Length: 84, dtype: float64	0     0
1     1
2     0
3     0
4     0
     ..
79    1
80    0
81    1
82    1
83    0
Name: Result, Length: 84, dtype: int64
0     0.034262
1     0.006273
2     0.051459
3     0.192654
4     0.147322
        ...   
79    0.000009
80    0.000375
81    0.001451
82    0.016849
83    0.000040
Length: 84, dtype: float64	0     0
1     1
2     0
3     0
4     0
     ..
79    1
80    0
81    1
82    1
83    0
Name: Result, Length: 84, dtype: int64
0     0.298960
1     0.137670
2     0.823160
3     0.592740
4     0.506340
        ...   
79   -0.593890
80    0.632650
81   -0.046659
82   -0.161870
83   -0.006336
Length: 84, dtype: float64	0     0
1     1
2     0
3     0
4     0
     ..
79    1
80    0
81    1
82    1
83    0
Name: Result, Length: 84, dtype: int64
0     0.089377
1     0.018953
2     0.677592
3     0.351341
4     0.256380
        ...   
79    0.352705
80    0.400246
81    0.002177
82    0.026202
83    0.000040
Length: 84, dtype: float64	0     0
1     1
2     0
3     0
4     0
     ..
79    1
80    0
81    1
82    1
83    0
Name: Result, Length: 84, dtype: int64
0     0.619150
1     0.575290
2     0.275580
3    -0.740500
4     0.758040
        ...   
79    0.005117
80   -0.030612
81    0.816520
82    0.801900
83    0.999270
Length: 84, dtype: float64	0     0
1     1
2     0
3     0
4     0
     ..
79    1
80    0
81    1
82    1
83    0
Name: Result, Length: 84, dtype: int64
0     0.185101
1     0.079200
2     0.226846
3    -0.438924
4     0.383826
        ...   
79   -0.003039
80   -0.019367
81   -0.038098
82   -0.129804
83   -0.006332
Length: 84, dtype: float64	0     0
1     1
2     0
3     0
4     0
     ..
79    1
80    0
81    1
82    1
83    0
Name: Result, Length: 84, dtype: int64
0     0.055338
1     0.010903
2     0.186731
3    -0.260168
4     0.194346
        ...   
79    0.001805
80   -0.012252
81    0.001778
82    0.021011
83    0.000040
Length: 84, dtype: float64	0     0
1     1
2     0
3     0
4     0
     ..
79    1
80    0
81    1
82    1
83    0
Name: Result, Length: 84, dtype: int64
0     0.383347
1     0.330959
2     0.075944
3     0.548340
4     0.574625
        ...   
79    0.000026
80    0.000937
81    0.666705
82    0.643044
83    0.998541
Length: 84, dtype: float64	0     0
1     1
2     0
3     0
4     0
     ..
79    1
80    0
81    1
82    1
83    0
Name: Result, Length: 84, dtype: int64
0     0.114605
1     0.045563
2     0.062514
3     0.325023
4     0.290955
        ...   
79   -0.000016
80    0.000593
81   -0.031108
82   -0.104089
83   -0.006327
Length: 84, dtype: float64	0     0
1     1
2     0
3     0
4     0
     ..
79    1
80    0
81    1
82    1
83    0
Name: Result, Length: 84, dtype: int64
0     0.034262
1     0.006273
2     0.051459
3     0.192654
4     0.147322
        ...   
79    0.000009
80    0.000375
81    0.001451
82    0.016849
83    0.000040
Length: 84, dtype: float64	0     0
1     1
2     0
3     0
4     0
     ..
79    1
80    0
81    1
82    1
83    0
Name: Result, Length: 84, dtype: int64
0     0.298960
1     0.137670
2     0.823160
3     0.592740
4     0.506340
        ...   
79   -0.593890
80    0.632650
81   -0.046659
82   -0.161870
83   -0.006336
Length: 84, dtype: float64	0     0
1     1
2     0
3     0
4     0
     ..
79    1
80    0
81    1
82    1
83    0
Name: Result, Length: 84, dtype: int64
0     0.089377
1     0.018953
2     0.677592
3     0.351341
4     0.256380
        ...   
79    0.352705
80    0.400246
81    0.002177
82    0.026202
83    0.000040
Length: 84, dtype: float64	0     0
1     1
2     0
3     0
4     0
     ..
79    1
80    0
81    1
82    1
83    0
Name: Result, Length: 84, dtype: int64
0     0.619150
1     0.575290
2     0.275580
3    -0.740500
4     0.758040
        ...   
79    0.005117
80   -0.030612
81    0.816520
82    0.801900
83    0.999270
Length: 84, dtype: float64	0     0
1     1
2     0
3     0
4     0
     ..
79    1
80    0
81    1
82    1
83    0
Name: Result, Length: 84, dtype: int64
0     0.185101
1     0.079200
2     0.226846
3    -0.438924
4     0.383826
        ...   
79   -0.003039
80   -0.019367
81   -0.038098
82   -0.129804
83   -0.006332
Length: 84, dtype: float64	0     0
1     1
2     0
3     0
4     0
     ..
79    1
80    0
81    1
82    1
83    0
Name: Result, Length: 84, dtype: int64
0     0.055338
1     0.010903
2     0.186731
3    -0.260168
4     0.194346
        ...   
79    0.001805
80   -0.012252
81    0.001778
82    0.021011
83    0.000040
Length: 84, dtype: float64	0     0
1     1
2     0
3     0
4     0
     ..
79    1
80    0
81    1
82    1
83    0
Name: Result, Length: 84, dtype: int64
0     0.383347
1     0.330959
2     0.075944
3     0.548340
4     0.574625
        ...   
79    0.000026
80    0.000937
81    0.666705
82    0.643044
83    0.998541
Length: 84, dtype: float64	0     0
1     1
2     0
3     0
4     0
     ..
79    1
80    0
81    1
82    1
83    0
Name: Result, Length: 84, dtype: int64
0     0.114605
1     0.045563
2     0.062514
3     0.325023
4     0.290955
        ...   
79   -0.000016
80    0.000593
81   -0.031108
82   -0.104089
83   -0.006327
Length: 84, dtype: float64	0     0
1     1
2     0
3     0
4     0
     ..
79    1
80    0
81    1
82    1
83    0
Name: Result, Length: 84, dtype: int64
0     0.034262
1     0.006273
2     0.051459
3     0.192654
4     0.147322
        ...   
79    0.000009
80    0.000375
81    0.001451
82    0.016849
83    0.000040
Length: 84, dtype: float64	0     0
1     1
2     0
3     0
4     0
     ..
79    1
80    0
81    1
82    1
83    0
Name: Result, Length: 84, dtype: int64
0     0.298960
1     0.137670
2     0.823160
3     0.592740
4     0.506340
        ...   
79   -0.593890
80    0.632650
81   -0.046659
82   -0.161870
83   -0.006336
Length: 84, dtype: float64	0     0
1     1
2     0
3     0
4     0
     ..
79    1
80    0
81    1
82    1
83    0
Name: Result, Length: 84, dtype: int64
0     0.298960
1     0.137670
2     0.823160
3     0.592740
4     0.506340
        ...   
79   -0.593890
80    0.632650
81   -0.046659
82   -0.161870
83   -0.006336
Length: 84, dtype: float64	0     0
1     1
2     0
3     0
4     0
     ..
79    1
80    0
81    1
82    1
83    0
Name: Result, Length: 84, dtype: int64
0     0.089377
1     0.018953
2     0.677592
3     0.351341
4     0.256380
        ...   
79    0.352705
80    0.400246
81    0.002177
82    0.026202
83    0.000040
Length: 84, dtype: float64	0     0
1     1
2     0
3     0
4     0
     ..
79    1
80    0
81    1
82    1
83    0
Name: Result, Length: 84, dtype: int64
0     0.619150
1     0.575290
2     0.275580
3    -0.740500
4     0.758040
        ...   
79    0.005117
80   -0.030612
81    0.816520
82    0.801900
83    0.999270
Length: 84, dtype: float64	0     0
1     1
2     0
3     0
4     0
     ..
79    1
80    0
81    1
82    1
83    0
Name: Result, Length: 84, dtype: int64
0     0.185101
1     0.079200
2     0.226846
3    -0.438924
4     0.383826
        ...   
79   -0.003039
80   -0.019367
81   -0.038098
82   -0.129804
83   -0.006332
Length: 84, dtype: float64	0     0
1     1
2     0
3     0
4     0
     ..
79    1
80    0
81    1
82    1
83    0
Name: Result, Length: 84, dtype: int64
0     0.055338
1     0.010903
2     0.186731
3    -0.260168
4     0.194346
        ...   
79    0.001805
80   -0.012252
81    0.001778
82    0.021011
83    0.000040
Length: 84, dtype: float64	0     0
1     1
2     0
3     0
4     0
     ..
79    1
80    0
81    1
82    1
83    0
Name: Result, Length: 84, dtype: int64
0     0.383347
1     0.330959
2     0.075944
3     0.548340
4     0.574625
        ...   
79    0.000026
80    0.000937
81    0.666705
82    0.643044
83    0.998541
Length: 84, dtype: float64	0     0
1     1
2     0
3     0
4     0
     ..
79    1
80    0
81    1
82    1
83    0
Name: Result, Length: 84, dtype: int64
0     0.114605
1     0.045563
2     0.062514
3     0.325023
4     0.290955
        ...   
79   -0.000016
80    0.000593
81   -0.031108
82   -0.104089
83   -0.006327
Length: 84, dtype: float64	0     0
1     1
2     0
3     0
4     0
     ..
79    1
80    0
81    1
82    1
83    0
Name: Result, Length: 84, dtype: int64
0     0.034262
1     0.006273
2     0.051459
3     0.192654
4     0.147322
        ...   
79    0.000009
80    0.000375
81    0.001451
82    0.016849
83    0.000040
Length: 84, dtype: float64	0     0
1     1
2     0
3     0
4     0
     ..
79    1
80    0
81    1
82    1
83    0
Name: Result, Length: 84, dtype: int64
0     0.298960
1     0.137670
2     0.823160
3     0.592740
4     0.506340
        ...   
79   -0.593890
80    0.632650
81   -0.046659
82   -0.161870
83   -0.006336
Length: 84, dtype: float64	0     0
1     1
2     0
3     0
4     0
     ..
79    1
80    0
81    1
82    1
83    0
Name: Result, Length: 84, dtype: int64
0     0.089377
1     0.018953
2     0.677592
3     0.351341
4     0.256380
        ...   
79    0.352705
80    0.400246
81    0.002177
82    0.026202
83    0.000040
Length: 84, dtype: float64	0     0
1     1
2     0
3     0
4     0
     ..
79    1
80    0
81    1
82    1
83    0
Name: Result, Length: 84, dtype: int64
0     0.619150
1     0.575290
2     0.275580
3    -0.740500
4     0.758040
        ...   
79    0.005117
80   -0.030612
81    0.816520
82    0.801900
83    0.999270
Length: 84, dtype: float64	0     0
1     1
2     0
3     0
4     0
     ..
79    1
80    0
81    1
82    1
83    0
Name: Result, Length: 84, dtype: int64
0     0.185101
1     0.079200
2     0.226846
3    -0.438924
4     0.383826
        ...   
79   -0.003039
80   -0.019367
81   -0.038098
82   -0.129804
83   -0.006332
Length: 84, dtype: float64	0     0
1     1
2     0
3     0
4     0
     ..
79    1
80    0
81    1
82    1
83    0
Name: Result, Length: 84, dtype: int64
0     0.055338
1     0.010903
2     0.186731
3    -0.260168
4     0.194346
        ...   
79    0.001805
80   -0.012252
81    0.001778
82    0.021011
83    0.000040
Length: 84, dtype: float64	0     0
1     1
2     0
3     0
4     0
     ..
79    1
80    0
81    1
82    1
83    0
Name: Result, Length: 84, dtype: int64
0     0.383347
1     0.330959
2     0.075944
3     0.548340
4     0.574625
        ...   
79    0.000026
80    0.000937
81    0.666705
82    0.643044
83    0.998541
Length: 84, dtype: float64	0     0
1     1
2     0
3     0
4     0
     ..
79    1
80    0
81    1
82    1
83    0
Name: Result, Length: 84, dtype: int64
0     0.114605
1     0.045563
2     0.062514
3     0.325023
4     0.290955
        ...   
79   -0.000016
80    0.000593
81   -0.031108
82   -0.104089
83   -0.006327
Length: 84, dtype: float64	0     0
1     1
2     0
3     0
4     0
     ..
79    1
80    0
81    1
82    1
83    0
Name: Result, Length: 84, dtype: int64
0     0.034262
1     0.006273
2     0.051459
3     0.192654
4     0.147322
        ...   
79    0.000009
80    0.000375
81    0.001451
82    0.016849
83    0.000040
Length: 84, dtype: float64	0     0
1     1
2     0
3     0
4     0
     ..
79    1
80    0
81    1
82    1
83    0
Name: Result, Length: 84, dtype: int64
